5.595
5.595
7.308
7.308
5.668
5.668
5.669
5.669
6.474
6.474
5.799
5.799
7.844
7.844
6.464
6.464
7.086
7.086
8.483
8.483
5.523
5.523
5.645
5.645
5.547
5.547
5.546
5.546
6.04
6.04
6.039
5.822
5.822
15.902
15.902
7.74
7.74
14.272
14.272
6.904
6.904
6.38
6.38
6.33
6.33
5.546
5.546
5.774
5.774
5.546
5.546
5.726
5.726
5.784
5.784
5.883
5.883
5.822
5.822
12.588
12.588
12.588
14.167
14.167
6.566
6.566
5.881
5.881
6.084
6.084
6.298
6.298
5.903
5.903
5.772
5.772
10.919
10.919
6.349
6.349
5.951
5.951
8.512
8.512
6.121
6.121
5.883
5.883
5.883
7.578
7.578
5.833
5.833
5.877
5.877
6.011
6.011
6.012
6.012
6.274
6.274
5.88
5.88
5.616
5.616
5.543
5.543
7.079
7.079
7.414
7.414
6.923
6.923
6.083
6.083
5.87
5.87
5.87
6.059
6.059
5.542
5.542
5.591
5.591
5.796
5.796
5.857
5.857
5.748
5.748
6.639
6.639
5.506
5.506
5.929
5.929
6.12
6.12
5.7
5.7
5.616
5.616
5.508
5.508
5.518
5.518
5.59
5.59
5.59
5.604
5.604
5.88
5.88
5.952
5.952
6.254
6.254
7.507
7.507
6.745
6.745
5.831
5.831
6.422
6.422
5.675
5.675
6.083
6.083
6.531
6.531
6.083
6.083
5.542
5.542
7.3
7.3
7.3
6.274
6.274
5.479
5.479
5.565
5.565
8.568
8.568
6.966
6.966
5.963
5.963
6.249
6.249
5.48
5.48
6.034
6.034
5.59
5.59
5.565
5.565
5.505
5.505
6.06
6.06
5.662
5.662
5.662
5.505
5.505
5.614
5.614
7.587
7.587
5.878
5.878
5.926
5.926
5.637
5.637
6.212
6.212
5.505
5.505
5.696
5.696
5.542
5.542
5.505
5.505
5.517
5.517
5.541
5.541
5.481
5.481
5.48
5.612
5.612
7.767
7.767
5.77
5.77
5.661
5.661
5.72
5.72
5.693
5.693
5.673
5.673
6.819
6.819
5.697
5.697
7.471
7.471
6.234
6.234
6.366
6.366
5.609
5.609
5.504
5.504
7.447
7.447
7.447
5.636
5.636
6.691
6.691
6.213
6.213
6.991
6.991
7.251
7.251
7.515
7.515
6.367
6.367
5.873
5.873
5.503
5.503
5.911
5.911
6.164
6.164
5.562
5.562
7.812
7.812
7.838
5.562
5.562
5.658
5.658
6.344
6.344
11.556
11.556
5.813
5.813
5.658
5.658
5.791
5.791
5.562
5.562
5.67
5.67
6.794
6.794
6.943
6.943
5.659
5.659
7.393
7.393
5.63
5.63
5.827
5.827
5.827
5.587
5.587
6.545
6.545
5.944
5.944
5.959
5.959
5.922
5.922
6.318
6.318
6.246
6.246
7.038
7.038
5.561
5.561
7.573
7.573
7.114
7.114
6.501
6.501
6.309
6.309
6.309
7.125
7.125
5.715
5.715
6.05
6.05
6.137
6.137
8.07
8.07
5.654
5.654
5.559
5.559
5.955
5.955
5.56
5.56
5.536
5.536
6.234
6.234
5.607
5.607
6.16
6.16
6.811
6.811
6.811
5.691
5.691
5.665
5.665
5.764
5.764
8.888
8.888
12.661
12.661
5.848
5.848
5.785
5.785
5.631
5.631
5.631
5.631
6.289
6.289
5.629
5.629
5.712
5.712
6.991
6.991
5.787
5.787
5.787
5.631
5.631
6.028
6.028
7.7
7.7
8.024
8.024
5.763
5.763
5.557
5.557
5.497
5.497
5.607
5.607
6.36
6.36
5.511
5.511
6.229
6.229
6.541
6.541
7.2
7.2
6.443
6.443
6.443
5.654
5.654
7.411
7.411
5.606
5.606
5.666
5.666
6.097
6.097
5.763
5.763
5.535
5.535
5.559
5.559
5.496
5.496
5.535
5.535
5.955
5.955
5.582
5.582
5.582
5.582
5.737
5.737
7.411
7.411
7.411
5.557
5.557
6.109
6.109
5.667
5.667
5.762
5.762
5.607
5.607
5.713
5.713
5.402
5.402
5.318
5.318
5.342
5.342
5.341
5.341
5.378
5.378
5.449
5.449
7.866
7.866
5.402
5.402
5.341
5.341
5.341
5.294
5.294
5.376
5.376
5.631
5.631
5.509
5.509
7.406
7.406
5.665
5.665
5.364
5.364
6.208
6.208
5.715
5.715
8.561
8.561
8.004
8.004
5.894
5.894
5.688
5.688
5.58
5.58
5.58
5.448
5.448
6.226
6.226
5.712
5.712
6.204
6.204
6.259
6.259
5.734
5.734
7.083
7.083
6.049
6.049
5.686
5.686
7.616
7.616
5.844
5.844
5.893
5.893
5.809
5.809
5.399
5.399
5.951
5.951
5.951
5.4
5.4
6.048
6.048
5.711
5.711
5.576
5.576
6.001
6.001
5.629
5.629
5.808
5.808
7.875
7.875
5.843
5.843
5.471
5.471
5.398
5.398
5.373
5.373
6.801
6.801
5.862
5.862
5.857
8.282
8.282
6.021
6.021
6.552
6.552
6.906
6.906
6.068
6.068
6.18
6.18
8.475
8.475
6.931
6.931
7.351
7.351
5.843
5.843
5.661
5.661
6.261
6.261
7.506
7.506
6.125
6.125
6.129
5.972
5.972
6.177
6.177
7.596
7.596
6.467
6.467
6.235
6.235
7.649
7.649
6.837
6.837
6.57
6.57
5.662
5.662
5.866
5.866
5.803
5.803
5.396
5.396
5.445
5.445
5.912
5.912
5.974
5.974
5.974
8.457
8.457
5.803
5.803
6.411
6.411
8.103
8.103
5.911
5.911
5.467
5.467
5.78
5.78
5.504
5.504
5.912
5.912
5.528
5.528
6.02
6.02
5.418
5.418
5.552
5.552
7.306
7.306
7.306
5.648
5.648
5.936
5.936
6.741
6.741
6.169
6.169
6.019
6.019
6.928
6.928
7.393
7.393
5.91
5.91
6.922
6.922
6.224
6.224
5.836
5.836
6.854
6.854
8.253
8.253
6.149
6.149
5.647
5.647
5.647
5.598
5.598
6.77
6.77
6.381
6.381
6.196
6.196
6.773
6.773
5.395
5.395
5.501
5.501
5.465
5.465
5.461
5.461
5.442
5.442
8.253
8.253
5.91
5.91
5.946
5.946
6.353
6.353
6.354
6.126
6.126
5.947
5.947
6.042
6.042
6.088
6.088
6.151
6.151
5.862
5.862
5.392
5.392
5.656
5.656
6.017
6.017
7.685
7.685
5.863
5.863
6.303
6.303
6.037
6.037
5.367
5.367
5.857
5.857
5.857
6.33
6.33
5.499
5.499
6.089
6.089
6.124
6.124
6.015
6.015
6.33
6.33
6.321
6.321
7.795
7.795
6.15
6.15
6.353
6.353
6.43
6.43
6.193
6.193
5.902
5.902
7.426
7.426
7.42
7.995
7.995
6.529
6.529
5.812
5.812
9.059
9.059
5.701
5.701
6.344
6.344
7.342
7.342
6.149
6.149
6.089
6.089
5.463
5.463
5.644
5.644
5.834
5.834
5.44
5.44
5.776
5.776
5.464
5.464
5.464
6.559
6.559
6.089
6.089
5.797
5.797
5.796
5.796
7.461
7.461
6.388
6.388
6.082
6.082
5.835
5.835
6.276
6.276
5.965
5.965
6.013
6.013
12.612
12.612
6.528
6.528
7.362
7.362
7.362
7.18
7.18
6.434
6.434
8.553
8.553
7.481
7.481
6.636
6.636
6.965
6.965
6.213
6.213
5.545
5.545
6.877
6.877
6.061
6.061
6.403
6.403
5.617
5.617
5.436
5.436
6.058
6.058
6.055
6.319
6.319
5.831
5.831
6.731
6.731
6.722
6.722
7.6
7.6
9.023
9.023
7.205
